[Multimeter]
Report=5523631030329973
DueDate=04/09/2024
Uncertainty100mV=0.001
Uncertainty1V=0.0000042
Uncertainty10V=0.000028

[Calibrator]
Report=5523631030713350
DueDate=23/02/2025
Value=100.000003
Uncertainty=0.07
